119.1359238,31.44770723
119.1356195,31.44777999
119.1353077,31.44775515
119.1350187,31.44763516
119.134781,31.44743174
119.1346178,31.44716483
119.134545,31.44686053
119.1345698,31.44654865
119.1346898,31.44625971
119.1348933,31.44602199
119.1351602,31.44585877
119.1354192,31.44575177
119.1354376,31.44574436
119.1354562,31.44573731
119.135475,31.44573064
119.1354938,31.44572435
119.1355128,31.44571843
119.1355319,31.44571289
119.1355511,31.44570773
119.1355704,31.44570295
119.1355898,31.44569856
119.1356093,31.44569455
119.1366389,31.44549342
119.138161,31.44519561
119.1381614,31.44519552
119.1381619,31.44519544
119.1381623,31.44519535
119.1381627,31.44519527
119.1381632,31.44519518
119.1381636,31.4451951
119.1381641,31.44519501
119.1381645,31.44519493
119.1381649,31.44519484
119.1381654,31.44519476
119.1384324,31.44514376
119.1384325,31.44514374
119.1384326,31.44514372
119.1384327,31.4451437
119.1384328,31.44514368
119.1384329,31.44514366
119.138433,31.44514364
119.1384331,31.44514362
119.1384332,31.4451436
119.1384333,31.44514358
119.1384334,31.44514356
119.1386889,31.44509504
119.1412463,31.44459554
119.1412474,31.44459534
119.1412485,31.44459513
119.1412495,31.44459492
119.1412506,31.44459472
119.1412517,31.44459451
119.1412527,31.44459431
119.1412538,31.44459411
119.1412549,31.44459391
119.141256,31.44459371
119.141257,31.44459351
119.1414128,31.44456486
119.1416869,31.44445757
119.1435229,31.4433531
119.1438774,31.44310872
119.1438818,31.44310565
119.1438863,31.4431026
119.1438909,31.44309958
119.1438954,31.44309658
119.1438999,31.44309361
119.1439045,31.44309066
119.1439091,31.44308773
119.1439137,31.44308483
119.1439183,31.44308196
119.1439229,31.44307911
119.1440876,31.44297828
119.144619,31.4425618
119.1461638,31.44134374
119.1461643,31.44134339
119.1461647,31.44134304
119.1461652,31.44134269
119.1461656,31.44134234
119.1461661,31.44134199
119.1461665,31.44134164
119.146167,31.44134129
119.1461674,31.44134094
119.1461678,31.44134059
119.1461683,31.44134024
119.1469523,31.44072924
119.1469525,31.44072907
119.1469527,31.4407289
119.146953,31.44072873
119.1469532,31.44072856
119.1469534,31.44072839
119.1469536,31.44072822
119.1469538,31.44072805
119.1469541,31.44072788
119.1469543,31.44072771
119.1469545,31.44072753
119.1471455,31.44057953
119.1471649,31.4405649
119.1471846,31.44055074
119.1472046,31.44053706
119.147225,31.44052387
119.1472457,31.44051118
119.1472667,31.440499
119.147288,31.44048733
119.1473096,31.44047618
119.1473314,31.44046555
119.1473535,31.44045546
119.1476655,31.44031746
119.1476723,31.44031449
119.1476791,31.44031156
119.147686,31.44030868
119.1476928,31.44030585
119.1476997,31.44030307
119.1477066,31.44030035
119.1477136,31.44029768
119.1477205,31.44029505
119.1477275,31.44029248
119.1477345,31.44028997
119.1498515,31.43953597
119.1499281,31.43951211
119.1500063,31.43949446
119.1500857,31.43948314
119.1501658,31.43947823
119.1502459,31.43947974
119.1503258,31.43948767
119.1504047,31.43950198
119.1504822,31.43952256
119.1505578,31.4395493
119.1506311,31.439582
119.1533571,31.440933
119.1533572,31.44093307
119.1533573,31.44093313
119.1533574,31.4409332
119.1533576,31.44093326
119.1533577,31.44093332
119.1533578,31.44093339
119.153358,31.44093345
119.1533581,31.44093352
119.1533582,31.44093358
119.1533584,31.44093365
119.1547134,31.44160765
119.1547137,31.4416078
119.154714,31.44160795
119.1547143,31.44160809
119.1547146,31.44160824
119.1547148,31.44160839
119.1547151,31.44160854
119.1547154,31.44160869
119.1547157,31.44160884
119.154716,31.44160899
119.1547163,31.44160913
119.154858,31.44168017
119.1580844,31.44191648
119.1585963,31.44195113
119.1584913,31.44194444
119.1580971,31.44224221
119.1580963,31.44225796
119.1580964,31.44225638
119.1580965,31.4422548
119.1580966,31.44225322
119.1580966,31.44225165
119.1580967,31.44225007
119.1580968,31.44224849
119.1580969,31.44224691
119.158097,31.44224534
119.1580971,31.44224376
119.1580972,31.44224219
119.1581122,31.44201819
119.1581123,31.4420178
119.1581123,31.44201742
119.1581123,31.44201704
119.1581123,31.44201666
119.1581124,31.44201628
119.1581124,31.4420159
119.1581124,31.44201552
119.1581124,31.44201514
119.1581125,31.44201476
119.1581125,31.44201438
119.1581285,31.44178838
119.1581302,31.44176697
119.1581325,31.4417456
119.1581351,31.44172428
119.1581382,31.44170302
119.1581418,31.44168184
119.1581459,31.44166073
119.1581503,31.44163972
119.1581553,31.44161881
119.1581607,31.44159801
119.1581665,31.44157734
119.1582575,31.44126734
119.1582581,31.44126534
119.1582587,31.44126335
119.1582593,31.44126136
119.1582599,31.44125936
119.1582605,31.44125737
119.1582611,31.44125539
119.1582617,31.4412534
119.1582623,31.44125141
119.1582629,31.44124943
119.1582636,31.44124744
119.1583316,31.44103244
119.1583329,31.44102811
119.1583343,31.44102379
119.1583358,31.44101948
119.1583372,31.44101516
119.1583386,31.44101086
119.1583401,31.44100656
119.1583416,31.44100227
119.1583431,31.44099799
119.1583447,31.44099371
119.1583462,31.44098945
119.15858,31.44035251
119.1588058,31.43971164
119.1588062,31.43971074
119.1588065,31.43970984
119.1588068,31.43970894
119.1588071,31.43970804
119.1588074,31.43970714
119.1588078,31.43970625
119.1588081,31.43970535
119.1588084,31.43970445
119.1588087,31.43970355
119.1588091,31.43970266
119.1593571,31.43819366
119.1593573,31.43819302
119.1593575,31.43819239
119.1593578,31.43819176
119.159358,31.43819113
119.1593582,31.43819049
119.1593584,31.43818986
119.1593587,31.43818923
119.1593589,31.4381886
119.1593591,31.43818796
119.1593594,31.43818733
119.1596778,31.43732865
119.1597514,31.43712435
119.1598248,31.43691745
119.1603319,31.43543888
119.1611129,31.4330592
119.1611132,31.43305805
119.1611136,31.43305691
119.161114,31.43305576
119.1611144,31.43305462
119.1611148,31.43305347
119.1611151,31.43305233
119.1611155,31.43305119
119.1611159,31.43305004
119.1611163,31.4330489
119.1611167,31.43304776
119.1613356,31.43240685
119.1615466,31.43176203
119.1615466,31.43176195
119.1615466,31.43176186
119.1615467,31.43176177
119.1615467,31.43176168
119.1615467,31.4317616
119.1615468,31.43176151
119.1615468,31.43176142
119.1615468,31.43176133
119.1615468,31.43176124
119.1615469,31.43176116
119.1619573,31.43051058
119.1620265,31.4301876
119.1621281,31.42933742
119.1621282,31.42933626
119.1621283,31.4293351
119.1621285,31.42933394
119.1621286,31.42933278
119.1621288,31.42933162
119.1621289,31.42933046
119.1621291,31.4293293
119.1621292,31.42932814
119.1621294,31.42932698
119.1621295,31.42932582
119.1623355,31.42775686
119.1625386,31.42619829
119.1625832,31.42576386
119.1625836,31.42576071
119.1625839,31.42575755
119.1625842,31.4257544
119.1625846,31.42575125
119.162585,31.4257481
119.1625854,31.42574496
119.1625857,31.42574181
119.1625861,31.42573866
119.1625865,31.42573552
119.162587,31.42573238
119.1626463,31.42529248
119.1627297,31.42462251
119.1627298,31.42462136
119.1627299,31.42462022
119.1627301,31.42461908
119.1627302,31.42461794
119.1627304,31.42461679
119.1627305,31.42461565
119.1627307,31.42461451
119.1627308,31.42461337
119.162731,31.42461223
119.1627311,31.42461108
119.1627921,31.42416308
119.1627922,31.42416299
119.1627922,31.42416289
119.1627922,31.42416279
119.1627922,31.42416269
119.1627922,31.42416259
119.1627922,31.4241625
119.1627922,31.4241624
119.1627922,31.4241623
119.1627923,31.4241622
119.1627923,31.4241621
119.162822,31.42394518
119.1628738,31.42350862
119.1628991,31.42329198
119.1629201,31.42221592
119.1629571,31.41929776
119.162988,31.41664365
119.162988,31.416605
119.162988,31.41660315
119.162988,31.41660129
119.162988,31.41659944
119.162988,31.41659759
119.162988,31.41659573
119.1629881,31.41659388
119.1629881,31.41659203
119.1629881,31.41659017
119.1629881,31.41658832
119.1629882,31.41658647
119.1630492,31.41329547
119.1630492,31.41329399
119.1630492,31.41329251
119.1630493,31.41329103
119.1630493,31.41328955
119.1630493,31.41328808
119.1630494,31.4132866
119.1630494,31.41328512
119.1630495,31.41328364
119.1630495,31.41328216
119.1630496,31.41328069
119.163064,31.41284732
119.163064,31.412414
119.163064,31.41241245
119.163064,31.4124109
119.163064,31.41240934
119.163064,31.41240779
119.163064,31.41240624
119.163064,31.41240469
119.1630641,31.41240314
119.1630641,31.41240158
119.1630641,31.41240003
119.1630641,31.41239848
119.1630711,31.41194748
119.1630711,31.41194722
119.1630711,31.41194696
119.1630711,31.41194669
119.1630711,31.41194643
119.1630711,31.41194617
119.1630711,31.41194591
119.1630712,31.41194564
119.1630712,31.41194538
119.1630712,31.41194512
119.1630712,31.41194486
119.1631162,31.40946487
119.1632072,31.40428643
119.1632072,31.40428483
119.1632072,31.40428324
119.1632073,31.40428164
119.1632073,31.40428004
119.1632073,31.40427845
119.1632074,31.40427685
119.1632074,31.40427525
119.1632075,31.40427366
119.1632075,31.40427206
119.1632076,31.40427046
119.1632221,31.40383668
119.1632299,31.40273802
119.1632228,31.40247594
119.1631708,31.40159248
119.1631168,31.40069289
119.1631168,31.40069253
119.1631168,31.40069217
119.1631167,31.40069181
119.1631167,31.40069145
119.1631167,31.40069109
119.1631167,31.40069073
119.1631166,31.40069037
119.1631166,31.40069001
119.1631166,31.40068965
119.1631166,31.40068929
119.1630787,31.40001713
119.1629568,31.39799208
119.1629566,31.39798933
119.1629565,31.39798659
119.1629563,31.39798385
119.1629562,31.3979811
119.1629561,31.39797836
119.162956,31.39797561
119.1629558,31.39797286
119.1629557,31.39797012
119.1629556,31.39796737
119.1629555,31.39796462
119.1629341,31.39730863
119.1629044,31.39687557
119.1629042,31.39687379
119.1629041,31.396872
119.162904,31.39687022
119.1629039,31.39686843
119.1629038,31.39686664
119.1629037,31.39686486
119.1629036,31.39686307
119.1629035,31.39686128
119.1629034,31.39685949
119.1629033,31.39685771
119.1628815,31.39642848
119.1628618,31.39622918
119.1628613,31.39622339
119.1628608,31.39621759
119.1628603,31.39621179
119.1628598,31.39620599
119.1628594,31.39620019
119.162859,31.39619439
119.1628587,31.39618858
119.1628583,31.39618277
119.1628581,31.39617696
119.1628578,31.39617115
119.1628488,31.39594715
119.162848,31.39591274
119.1628484,31.39587832
119.16285,31.39584394
119.1628528,31.39580963
119.1628567,31.39577543
119.1628618,31.3957414
119.1628681,31.39570756
119.1628755,31.39567395
119.1628841,31.39564062
119.1628939,31.39560761
119.1630009,31.39526661
119.1630084,31.39524345
119.1630166,31.39522048
119.1630253,31.39519772
119.1630345,31.39517517
119.1630443,31.39515286
119.1630547,31.3951308
119.1630655,31.39510899
119.1630769,31.39508745
119.1630889,31.3950662
119.1631013,31.39504524
119.1633385,31.39465639
119.163682,31.39405872
119.163682,31.39405862
119.1636821,31.39405852
119.1636822,31.39405842
119.1636822,31.39405833
119.1636823,31.39405823
119.1636823,31.39405813
119.1636824,31.39405803
119.1636824,31.39405794
119.1636825,31.39405784
119.1636825,31.39405774
119.1640907,31.39334932
119.1641298,31.39322131
119.1650737,31.38905219
119.165074,31.389051
119.1650742,31.38904981
119.1650745,31.38904862
119.1650748,31.38904743
119.1650751,31.38904624
119.1650753,31.38904505
119.1650756,31.38904386
119.1650759,31.38904267
119.1650762,31.38904148
119.1650765,31.38904029
119.1651807,31.38860454
119.1652776,31.38817116
119.1654222,31.38751104
119.1654226,31.38750911
119.165423,31.38750718
119.1654234,31.38750526
119.1654239,31.38750333
119.1654243,31.38750141
119.1654248,31.38749948
119.1654252,31.38749756
119.1654257,31.38749564
119.1654261,31.38749371
119.1654266,31.38749179
119.1654796,31.38727079
119.1654825,31.38725875
119.1654857,31.38724675
119.1654889,31.38723478
119.1654923,31.38722286
119.1654959,31.38721098
119.1654996,31.38719914
119.1655035,31.38718735
119.1655075,31.38717561
119.1655116,31.38716392
119.1655159,31.38715228
119.1656459,31.38680628
119.1656499,31.38679583
119.165654,31.38678542
119.1656582,31.38677506
119.1656626,31.38676475
119.165667,31.38675448
119.1656716,31.38674427
119.1656763,31.38673411
119.1656811,31.386724
119.165686,31.38671394
119.165691,31.38670395
119.1657901,31.38650962
119.1658825,31.38631358
119.1658837,31.38631092
119.165885,31.38630827
119.1658863,31.38630561
119.1658876,31.38630296
119.1658888,31.38630032
119.1658901,31.38629768
119.1658914,31.38629504
119.1658928,31.38629241
119.1658941,31.38628978
119.1658954,31.38628715
119.1670509,31.38401221
119.1673635,31.38339398
119.167669,31.38278777
119.1677614,31.38259178
119.1677642,31.3825859
119.167767,31.38258003
119.1677699,31.38257419
119.1677728,31.38256836
119.1677757,31.38256255
119.1677787,31.38255676
119.1677817,31.38255099
119.1677848,31.38254524
119.1677879,31.38253951
119.167791,31.3825338
119.167905,31.3823278
119.167941,31.38226791
119.167981,31.38221067
119.1680249,31.38215637
119.1680725,31.38210526
119.1681236,31.3820576
119.1681778,31.38201362
119.168235,31.38197354
119.1682949,31.38193754
119.1683571,31.38190582
119.1684214,31.38187851
119.1687494,31.38175251
119.1687958,31.38173599
119.1688429,31.38172177
119.1688907,31.38170989
119.168939,31.38170038
119.1689878,31.38169326
119.1690368,31.38168854
119.169086,31.38168624
119.1691352,31.38168637
119.1691844,31.38168892
119.1692334,31.38169389
119.1700505,31.38179715
119.1705778,31.38185749
119.1723886,31.38206447
119.1723891,31.38206453
119.1723896,31.38206459
119.1723901,31.38206465
119.1723907,31.38206471
119.1723912,31.38206477
119.1723917,31.38206484
119.1723923,31.3820649
119.1723928,31.38206496
119.1723933,31.38206502
119.1723938,31.38206509
119.1726509,31.38209586
119.1734241,31.38218553
119.1772393,31.38261912
119.1775671,31.38260245
119.1780303,31.38252056
119.1808448,31.38201408
119.1812331,31.38193844
119.1814293,31.3818529
119.1822678,31.38140122
119.1839225,31.38043088
119.1841332,31.38025965
119.1842612,31.38013551
119.1844269,31.37996696
119.1844278,31.37996604
119.1844287,31.37996512
119.1844296,31.3799642
119.1844305,31.37996328
119.1844314,31.37996236
119.1844323,31.37996145
119.1844333,31.37996053
119.1844342,31.37995962
119.1844351,31.37995871
119.184436,31.37995779
119.184779,31.37961779
119.1847791,31.37961773
119.1847791,31.37961767
119.1847792,31.37961761
119.1847793,31.37961754
119.1847793,31.37961748
119.1847794,31.37961742
119.1847795,31.37961735
119.1847795,31.37961729
119.1847796,31.37961723
119.1847796,31.37961716
119.1892428,31.37520095
119.1896571,31.37477977
119.1896586,31.37477826
119.1896601,31.37477674
119.1896616,31.37477523
119.1896631,31.37477372
119.1896646,31.37477222
119.1896661,31.37477072
119.1896676,31.37476922
119.1896691,31.37476772
119.1896706,31.37476623
119.1896722,31.37476474
119.1900165,31.37442931
119.1917158,31.37271996
119.1917159,31.37271992
119.1917159,31.37271988
119.191716,31.37271984
119.191716,31.3727198
119.191716,31.37271976
119.1917161,31.37271972
119.1917161,31.37271967
119.1917162,31.37271963
119.1917162,31.37271959
119.1917162,31.37271955
119.1925675,31.37186434
119.1928331,31.37159479
119.1928953,31.37153069
119.1928978,31.3715281
119.1929003,31.37152552
119.1929028,31.37152295
119.1929054,31.37152039
119.1929079,31.37151784
119.1929105,31.3715153
119.1929131,31.37151277
119.1929157,31.37151025
119.1929183,31.37150773
119.1929209,31.37150523
119.1941038,31.3703709
119.1942369,31.37019313
119.1951102,31.36864637
119.1951117,31.36864372
119.1951132,31.36864108
119.1951147,31.36863843
119.1951163,31.3686358
119.1951178,31.36863316
119.1951193,31.36863054
119.1951209,31.36862791
119.1951224,31.3686253
119.195124,31.36862268
119.1951256,31.36862007
119.1953655,31.36822374
119.1955977,31.36782658
119.1967557,31.36584407
119.1968822,31.36532236
119.1968823,31.36532171
119.1968825,31.36532106
119.1968826,31.3653204
119.1968828,31.36531975
119.196883,31.3653191
119.1968831,31.36531845
119.1968833,31.3653178
119.1968834,31.36531715
119.1968836,31.3653165
119.1968838,31.36531585
119.1973251,31.36354766
119.1974291,31.36311983
119.1975261,31.3626859
119.1975268,31.36268283
119.1975275,31.36267976
119.1975282,31.36267668
119.1975289,31.36267362
119.1975296,31.36267055
119.1975304,31.36266749
119.1975311,31.36266442
119.1975319,31.36266137
119.1975327,31.36265831
119.1975334,31.36265525
119.1976448,31.36222171
119.1977496,31.3617898
119.1981666,31.36002995
119.1982644,31.35959549
119.1982838,31.35952244
119.1983086,31.35945106
119.1983387,31.35938176
119.198374,31.35931493
119.1984143,31.35925096
119.1984592,31.35919021
119.1985086,31.35913303
119.1985622,31.35907974
119.1986197,31.35903066
119.1986807,31.35898605
119.1989697,31.35879105
119.1989972,31.35877311
119.1990254,31.35875608
119.1990541,31.35873998
119.1990833,31.35872484
119.1991129,31.35871067
119.1991431,31.35869748
119.1991736,31.35868528
119.1992045,31.3586741
119.1992358,31.35866394
119.1992674,31.35865482
119.2017654,31.35797782
119.2017725,31.35797593
119.2017795,31.3579741
119.2017866,31.35797232
119.2017937,31.35797059
119.2018008,31.35796891
119.2018079,31.35796729
119.2018151,31.35796571
119.2018222,31.35796419
119.2018294,31.35796272
119.2018365,31.35796131
119.2028725,31.35776031
119.202896,31.35775604
119.2029196,31.35775234
119.2029432,31.3577492
119.2029669,31.35774663
119.2029907,31.35774462
119.2030145,31.35774318
119.2030383,31.3577423
119.2030622,31.357742
119.203086,31.35774226
119.2031099,31.3577431
119.2036429,31.3577681
119.2036435,31.35776813
119.2036441,31.35776816
119.2036448,31.35776819
119.2036454,31.35776822
119.2036461,31.35776825
119.2036467,31.35776829
119.2036473,31.35776832
119.203648,31.35776835
119.2036486,31.35776839
119.2036493,31.35776842
119.2041704,31.35779622
119.2046926,31.35782004
119.2046927,31.35782005
119.2046929,31.35782005
119.204693,31.35782006
119.2046932,31.35782007
119.2046934,31.35782008
119.2046935,31.35782008
119.2046937,31.35782009
119.2046938,31.3578201
119.204694,31.3578201
119.2046941,31.35782011
119.2053931,31.3578531
119.2057157,31.35781334
119.2058598,31.35776632
119.2058624,31.35776547
119.2058651,31.35776463
119.2058677,31.3577638
119.2058703,31.35776297
119.2058729,31.35776215
119.2058755,31.35776134
119.2058782,31.35776053
119.2058808,31.35775973
119.2058834,31.35775894
119.2058861,31.35775816
119.2071322,31.35738915
119.2075876,31.35723672
119.2075895,31.35723607
119.2075915,31.35723543
119.2075934,31.35723479
119.2075953,31.35723415
119.2075973,31.35723352
119.2075992,31.35723289
119.2076012,31.35723227
119.2076031,31.35723165
119.2076051,31.35723103
119.207607,31.35723042
119.20811,31.35707342
119.2081103,31.35707333
119.2081106,31.35707324
119.2081109,31.35707315
119.2081112,31.35707305
119.2081115,31.35707296
119.2081118,31.35707287
119.2081121,31.35707278
119.2081124,31.35707269
119.2081127,31.3570726
119.208113,31.35707251
119.208454,31.3569672
119.2085372,31.35690613
119.2088508,31.35661273
119.2091986,31.35628567
119.2097213,31.35578786
119.2097233,31.35578598
119.2097253,31.35578411
119.2097273,31.35578224
119.2097293,31.35578038
119.2097313,31.35577852
119.2097333,31.35577667
119.2097353,31.35577482
119.2097373,31.35577298
119.2097393,31.35577114
119.2097414,31.35576931
119.2101011,31.35544499
119.2104497,31.35511971
119.2107509,31.35483398
119.2109153,31.354633
119.2125071,31.35234491
119.2125089,31.35234233
119.2125107,31.35233974
119.2125126,31.35233717
119.2125144,31.3523346
119.2125162,31.35233203
119.2125181,31.35232947
119.2125199,31.35232692
119.2125218,31.35232437
119.2125237,31.35232183
119.2125255,31.3523193
119.2126549,31.35214539
119.2127693,31.35197329
119.2127704,31.35197162
119.2127715,31.35196996
119.2127726,31.3519683
119.2127738,31.35196664
119.2127749,31.35196498
119.212776,31.35196333
119.2127771,31.35196168
119.2127783,31.35196003
119.2127794,31.35195838
119.2127805,31.35195673
119.2128088,31.35191605
119.2129754,31.35060244
119.2129188,31.35108039
119.2131939,31.35117724
119.2131854,31.3511742
119.2131769,31.35117109
119.2131684,31.35116789
119.21316,31.35116462
119.2131516,31.35116127
119.2131432,31.35115785
119.2131349,31.35115435
119.2131266,31.35115078
119.2131183,31.35114713
119.2131101,31.35114341
119.2126531,31.35093441
119.2126473,31.35093176
119.2126416,31.35092907
119.2126359,31.35092634
119.2126302,31.35092357
119.2126245,31.35092078
119.2126188,31.35091794
119.2126132,31.35091507
119.2126075,31.35091216
119.2126019,31.35090922
119.2125963,31.35090624
119.2123763,31.35078824
119.212376,31.35078805
119.2123756,31.35078785
119.2123752,31.35078766
119.2123749,31.35078746
119.2123745,31.35078727
119.2123742,31.35078707
119.2123738,31.35078688
119.2123734,31.35078668
119.2123731,31.35078649
119.2123727,31.35078629
119.2117007,31.35042229
119.2116978,31.35042072
119.211695,31.35041915
119.2116921,31.35041756
119.2116892,31.35041596
119.2116864,31.35041436
119.2116835,31.35041274
119.2116806,31.35041112
119.2116778,31.35040948
119.211675,31.35040784
119.2116721,31.35040619
119.2114709,31.3502885
119.2110443,31.35005299
119.2108279,31.34993647
119.210827,31.34993601
119.2108262,31.34993554
119.2108253,31.34993507
119.2108245,31.34993461
119.2108236,31.34993414
119.2108227,31.34993367
119.2108219,31.3499332
119.210821,31.34993273
119.2108202,31.34993226
119.2108193,31.34993178
119.2068423,31.34773978
119.2068307,31.34773331
119.2068193,31.34772669
119.2068079,31.34771991
119.2067966,31.34771298
119.2067854,31.34770591
119.2067743,31.34769868
119.2067633,31.34769131
119.2067523,31.3476838
119.2067415,31.34767614
119.2067308,31.34766834
119.2064208,31.34743934
119.2064193,31.34743817
119.2064177,31.347437
119.2064161,31.34743583
119.2064145,31.34743465
119.206413,31.34743347
119.2064114,31.34743229
119.2064098,31.34743111
119.2064083,31.34742992
119.2064067,31.34742873
119.2064052,31.34742753
119.2038803,31.34548468
119.2034874,31.34518879
119.2034826,31.34518517
119.2034779,31.34518152
119.2034731,31.34517785
119.2034684,31.34517414
119.2034637,31.34517041
119.2034591,31.34516664
119.2034544,31.34516285
119.2034498,31.34515904
119.2034452,31.34515519
119.2034406,31.34515132
119.2032586,31.34499632
119.2032579,31.34499569
119.2032572,31.34499506
119.2032564,31.34499443
119.2032557,31.3449938
119.2032549,31.34499317
119.2032542,31.34499254
119.2032535,31.34499191
119.2032527,31.34499127
119.203252,31.34499064
119.2032513,31.34499001
119.2028863,31.34467301
119.2028791,31.34466674
119.202872,31.3446604
119.202865,31.344654
119.2028581,31.34464753
119.2028511,31.344641
119.2028443,31.3446344
119.2028375,31.34462773
119.2028308,31.344621
119.2028242,31.34461421
119.2028176,31.34460736
119.201324,31.34303784
119.200662,31.34234284
119.1999931,31.34164497
119.1999924,31.34164422
119.1999916,31.34164347
119.1999909,31.34164272
119.1999902,31.34164197
119.1999895,31.34164122
119.1999888,31.34164047
119.1999881,31.34163972
119.1999874,31.34163896
119.1999867,31.34163821
119.1999859,31.34163745
119.1990177,31.34060609
119.198856,31.34044716
119.1988504,31.34044163
119.1988449,31.34043607
119.1988394,31.34043045
119.198834,31.3404248
119.1988286,31.3404191
119.1988232,31.34041336
119.1988179,31.34040758
119.1988126,31.34040176
119.1988074,31.3403959
119.1988022,31.34038999
119.1985432,31.34009199
119.1985414,31.34008992
119.1985396,31.34008784
119.1985379,31.34008576
119.1985361,31.34008367
119.1985343,31.34008158
119.1985325,31.34007948
119.1985308,31.34007738
119.198529,31.34007528
119.1985273,31.34007317
119.1985255,31.34007105
119.1982205,31.33970005
119.19822,31.33969939
119.1982194,31.33969873
119.1982189,31.33969807
119.1982184,31.33969741
119.1982178,31.33969675
119.1982173,31.33969609
119.1982167,31.33969542
119.1982162,31.33969476
119.1982157,31.3396941
119.1982151,31.33969344
119.1976244,31.33896225
119.1964157,31.33748804
119.1964155,31.33748784
119.1964154,31.33748764
119.1964152,31.33748745
119.1964151,31.33748725
119.1964149,31.33748705
119.1964147,31.33748686
119.1964146,31.33748666
119.1964144,31.33748646
119.1964142,31.33748626
119.1964141,31.33748607
119.1940601,31.33460007
119.1940532,31.33459154
119.1940464,31.33458294
119.1940397,31.33457427
119.1940331,31.33456552
119.1940267,31.33455671
119.1940203,31.33454782
119.194014,31.33453886
119.1940078,31.33452984
119.1940016,31.33452074
119.1939956,31.33451158
119.1938711,31.33431922
119.1935592,31.33387936
119.1935588,31.33387873
119.1935583,31.3338781
119.1935579,31.33387747
119.1935574,31.33387684
119.193557,31.33387621
119.1935566,31.33387558
119.1935561,31.33387495
119.1935557,31.33387432
119.1935552,31.33387369
119.1935548,31.33387305
119.1930638,31.33316905
119.1930391,31.33313192
119.1930161,31.33309372
119.1929948,31.33305453
119.1929753,31.33301444
119.1929576,31.33297351
119.1929417,31.33293183
119.1929277,31.33288949
119.1929156,31.33284657
119.1929055,31.33280315
119.1928973,31.33275932
119.1928593,31.33252832
119.1928587,31.33252466
119.1928581,31.33252101
119.1928575,31.33251734
119.192857,31.33251368
119.1928564,31.33251002
119.1928559,31.33250635
119.1928554,31.33250268
119.1928549,31.33249901
119.1928544,31.33249534
119.1928539,31.33249166
119.1927403,31.3315946
119.1924737,31.32958555
119.1924735,31.32958409
119.1924733,31.32958264
119.1924731,31.32958118
119.1924729,31.32957972
119.1924728,31.32957826
119.1924726,31.3295768
119.1924724,31.32957535
119.1924722,31.32957389
119.192472,31.32957243
119.1924719,31.32957097
119.1924201,31.32913159
119.1923931,31.32893824
119.1923438,31.32865945
119.1923048,31.3285774
119.1919085,31.32776215
119.1917075,31.32737095
119.1917072,31.32737032
119.1917069,31.32736969
119.1917065,31.32736906
119.1917062,31.32736843
119.1917059,31.3273678
119.1917056,31.32736717
119.1917053,31.32736654
119.1917049,31.32736591
119.1917046,31.32736528
119.1917043,31.32736465
119.1912853,31.32653465
119.1912848,31.32653367
119.1912843,31.32653269
119.1912838,31.32653171
119.1912833,31.32653073
119.1912828,31.32652975
119.1912824,31.32652877
119.1912819,31.32652779
119.1912814,31.32652681
119.1912809,31.32652583
119.1912804,31.32652484
119.1909754,31.32590384
119.1909746,31.32590224
119.1909738,31.32590064
119.1909731,31.32589903
119.1909723,31.32589743
119.1909715,31.32589582
119.1909707,31.32589421
119.19097,31.3258926
119.1909692,31.32589099
119.1909685,31.32588938
119.1909677,31.32588776
119.1909119,31.32576876
119.190821,31.32564702
119.1903856,31.3250927
119.1903853,31.32509239
119.1903851,31.32509208
119.1903849,31.32509177
119.1903846,31.32509146
119.1903844,31.32509115
119.1903841,31.32509084
119.1903839,31.32509053
119.1903836,31.32509022
119.1903834,31.32508991
119.1903832,31.3250896
119.1892192,31.3235956
119.189219,31.32359536
119.1892188,31.32359513
119.1892186,31.32359489
119.1892184,31.32359465
119.1892182,31.32359441
119.1892181,31.32359418
119.1892179,31.32359394
119.1892177,31.3235937
119.1892175,31.32359347
119.1892173,31.32359323
119.1883575,31.32248275
119.1880609,31.32212001
119.1880428,31.32209721
119.1880253,31.32207388
119.1880086,31.32205006
119.1879925,31.32202577
119.1879772,31.32200101
119.1879626,31.32197582
119.1879488,31.32195022
119.1879356,31.32192422
119.1879233,31.32189785
119.1879117,31.32187114
119.1877977,31.32159714
119.1877957,31.32159224
119.1877937,31.32158732
119.1877917,31.3215824
119.1877898,31.32157747
119.1877879,31.32157253
119.187786,31.32156757
119.1877841,31.32156261
119.1877823,31.32155764
119.1877804,31.32155265
119.1877787,31.32154766
119.1877027,31.32133366
119.1877019,31.32133146
119.1877011,31.32132925
119.1877003,31.32132704
119.1876996,31.32132483
119.1876988,31.32132262
119.1876981,31.3213204
119.1876973,31.32131818
119.1876966,31.32131597
119.1876958,31.32131375
119.1876951,31.32131152
119.1876191,31.32108052
119.187619,31.32108022
119.1876189,31.32107991
119.1876188,31.3210796
119.1876187,31.32107929
119.1876186,31.32107898
119.1876185,31.32107868
119.1876184,31.32107837
119.1876183,31.32107806
119.1876182,31.32107775
119.1876181,31.32107744
119.1874811,31.32065644
119.18748,31.32065305
119.1874789,31.32064964
119.1874778,31.32064624
119.1874768,31.32064283
119.1874757,31.32063942
119.1874747,31.320636
119.1874736,31.32063258
119.1874726,31.32062916
119.1874716,31.32062573
119.1874706,31.3206223
119.1872186,31.3197423
119.1872184,31.31974134
119.1872181,31.31974038
119.1872178,31.31973943
119.1872176,31.31973847
119.1872173,31.31973751
119.187217,31.31973655
119.1872167,31.31973559
119.1872165,31.31973464
119.1872162,31.31973368
119.1872159,31.31973272
119.1870949,31.31929372
119.1870769,31.31921646
119.1870651,31.31913801
119.1870595,31.31905887
119.1870602,31.31897954
119.1870672,31.31890051
119.1870804,31.31882228
119.1870998,31.31874535
119.1871252,31.3186702
119.1871565,31.3185973
119.1871935,31.31852711
119.1873295,31.31829211
119.1873389,31.31827612
119.1873487,31.31826031
119.1873587,31.31824468
119.1873691,31.31822924
119.1873797,31.31821399
119.1873906,31.31819895
119.1874017,31.31818411
119.1874132,31.31816948
119.1874249,31.31815506
119.1874369,31.31814087
119.1875969,31.31795487
119.1875969,31.31795484
119.1875969,31.31795481
119.187597,31.31795478
119.187597,31.31795475
119.187597,31.31795472
119.187597,31.31795469
119.1875971,31.31795466
119.1875971,31.31795463
119.1875971,31.31795461
119.1875971,31.31795458
119.188221,31.3172299
119.1893685,31.31588725
119.1894253,31.31576193
119.1898148,31.31472255
119.1898868,31.31452063
119.1899003,31.314482
119.1898991,31.3144425
119.1898409,31.31406407
119.1897662,31.31362598
119.1897662,31.31362591
119.1897662,31.31362584
119.1897662,31.31362578
119.1897662,31.31362571
119.1897662,31.31362564
119.1897661,31.31362557
119.1897661,31.3136255
119.1897661,31.31362543
119.1897661,31.31362536
119.1897661,31.31362529
119.1896911,31.31318329
119.1896877,31.31287044
119.1897811,31.31257184
119.1899622,31.31231672
119.1902132,31.31213004
119.1905097,31.31203009
119.1908226,31.31202665
119.1911212,31.31212005
119.1913763,31.31230116
119.191563,31.31255223
119.1916629,31.31284871
119.1917377,31.3132892
119.1918138,31.31373602
119.1918141,31.31373759
119.1918143,31.31373917
119.1918146,31.31374074
119.1918148,31.31374232
119.1918151,31.31374389
119.1918154,31.31374547
119.1918156,31.31374705
119.1918159,31.31374862
119.1918161,31.3137502
119.1918163,31.31375178
119.1918853,31.31419978
119.1918872,31.31421212
119.1918888,31.31422448
119.1918903,31.31423687
119.1918917,31.31424927
119.1918929,31.31426168
119.191894,31.31427411
119.1918949,31.31428656
119.1918956,31.31429901
119.1918962,31.31431147
119.1918966,31.31432394
119.1919046,31.31460894
119.191905,31.31464516
119.191904,31.31468137
119.1919018,31.31471753
119.1918982,31.31475358
119.1918933,31.31478947
119.1918871,31.31482517
119.1918797,31.31486061
119.1918709,31.31489577
119.1918609,31.31493058
119.1918497,31.31496501
119.1917747,31.31518101
119.1917744,31.31518182
119.1917741,31.31518262
119.1917738,31.31518343
119.1917735,31.31518423
119.1917733,31.31518504
119.191773,31.31518584
119.1917727,31.31518665
119.1917724,31.31518745
119.1917721,31.31518825
119.1917718,31.31518906
119.1916958,31.31540206
119.1916953,31.31540355
119.1916948,31.31540504
119.1916942,31.31540653
119.1916937,31.31540802
119.1916932,31.31540951
119.1916926,31.31541099
119.1916921,31.31541248
119.1916915,31.31541396
119.191691,31.31541545
119.1916904,31.31541693
119.1912864,31.31649493
119.191284,31.31650115
119.1912817,31.31650735
119.1912792,31.31651354
119.1912767,31.3165197
119.1912742,31.31652586
119.1912717,31.31653199
119.1912691,31.31653811
119.1912664,31.31654421
119.1912637,31.31655029
119.191261,31.31655636
119.191132,31.31684136
119.19112,31.3168669
119.1911073,31.31689209
119.1910939,31.31691691
119.1910798,31.31694134
119.191065,31.31696536
119.1910495,31.31698896
119.1910334,31.31701211
119.1910166,31.3170348
119.1909992,31.31705701
119.1909812,31.31707871
119.1897402,31.31853071
119.1897399,31.31853098
119.1897397,31.31853126
119.1897395,31.31853153
119.1897393,31.3185318
119.189739,31.31853207
119.1897388,31.31853234
119.1897386,31.31853261
119.1897383,31.31853288
119.1897381,31.31853315
119.1897379,31.31853342
119.1891094,31.31926347
119.1890139,31.31937451
119.1891344,31.31916623
119.1891427,31.31919646
119.1893884,31.32005452
119.1895195,31.32045727
119.1895913,31.32067539
119.1896545,31.32085335
119.189702,31.32096749
119.1899141,31.32122699
119.1899158,31.32122905
119.1899175,31.32123111
119.1899192,31.32123318
119.1899208,31.32123525
119.1899225,31.32123732
119.1899241,31.3212394
119.1899258,31.32124149
119.1899274,31.32124358
119.1899291,31.32124567
119.1899307,31.32124777
119.1907977,31.32236751
119.1919596,31.32385883
119.1924014,31.3244213
119.1924029,31.32442324
119.1924044,31.32442517
119.1924059,31.32442711
119.1924074,31.32442906
119.1924089,31.32443101
119.1924104,31.32443296
119.1924119,31.32443492
119.1924134,31.32443688
119.1924149,31.32443884
119.1924164,31.32444081
119.1925754,31.32465381
119.1925873,31.32467016
119.1925989,31.32468675
119.1926102,31.32470357
119.1926211,31.32472062
119.1926317,31.32473789
119.192642,31.32475536
119.1926518,31.32477305
119.1926614,31.32479092
119.1926705,31.32480899
119.1926793,31.32482724
119.1927745,31.32503015
119.1930732,31.32563823
119.1934881,31.32646024
119.1936925,31.32685805
119.1936935,31.32686002
119.1936945,31.32686198
119.1936955,31.32686395
119.1936965,31.32686592
119.1936975,31.3268679
119.1936985,31.32686987
119.1936994,31.32687185
119.1937004,31.32687383
119.1937014,31.32687581
119.1937024,31.3268778
119.1941054,31.3277068
119.1941057,31.32770754
119.1941061,31.32770828
119.1941064,31.32770902
119.1941068,31.32770977
119.1941072,31.32771051
119.1941075,31.32771126
119.1941079,31.327712
119.1941082,31.32771274
119.1941086,31.32771349
119.1941089,31.32771423
119.1942079,31.32792223
119.1942192,31.3279467
119.1942298,31.32797147
119.1942397,31.3279965
119.1942489,31.3280218
119.1942575,31.32804734
119.1942653,31.32807309
119.1942725,31.32809905
119.1942789,31.32812519
119.1942847,31.3281515
119.1942897,31.32817795
119.1943657,31.32860795
119.1943664,31.32861152
119.194367,31.32861509
119.1943676,31.32861866
119.1943682,31.32862223
119.1943687,31.3286258
119.1943693,31.32862938
119.1943698,31.32863296
119.1943704,31.32863654
119.1943709,31.32864012
119.1943714,31.3286437
119.1944024,31.3288657
119.1944027,31.32886783
119.194403,31.32886996
119.1944033,31.32887209
119.1944035,31.32887423
119.1944038,31.32887636
119.1944041,31.32887849
119.1944044,31.32888063
119.1944046,31.32888276
119.1944049,31.3288849
119.1944051,31.32888703
119.1944573,31.32932976
119.1947233,31.33133445
119.1947234,31.33133504
119.1947235,31.33133563
119.1947235,31.33133622
119.1947236,31.3313368
119.1947237,31.33133739
119.1947238,31.33133798
119.1947238,31.33133857
119.1947239,31.33133916
119.194724,31.33133975
119.1947241,31.33134034
119.1948357,31.33222194
119.1948339,31.33221093
119.1951931,31.33272584
119.1955148,31.33317964
119.1955172,31.33318307
119.1955196,31.33318651
119.195522,31.33318997
119.1955244,31.33319343
119.1955267,31.3331969
119.1955291,31.33320039
119.1955314,31.33320388
119.1955338,31.33320738
119.1955361,31.33321089
119.1955384,31.33321442
119.1956446,31.33337841
119.1979632,31.336221
119.1991733,31.33769696
119.1991738,31.33769752
119.1991742,31.33769808
119.1991747,31.33769864
119.1991751,31.3376992
119.1991756,31.33769976
119.199176,31.33770032
119.1991765,31.33770088
119.199177,31.33770144
119.1991774,31.337702
119.1991779,31.33770256
119.1997682,31.33843326
119.2000618,31.33879036
119.200286,31.33904836
119.200434,31.33919384
119.2004369,31.33919666
119.2004397,31.33919949
119.2004425,31.33920234
119.2004454,31.33920519
119.2004482,31.33920805
119.200451,31.33921093
119.2004538,31.33921382
119.2004565,31.33921672
119.2004593,31.33921963
119.2004621,31.33922255
119.2014405,31.34026476
119.2021069,31.34096003
119.2021071,31.34096025
119.2021074,31.34096047
119.2021076,31.3409607
119.2021078,31.34096092
119.202108,31.34096115
119.2021082,31.34096137
119.2021084,31.34096159
119.2021086,31.34096182
119.2021089,31.34096204
119.2021091,31.34096227
119.2027721,31.34165827
119.2027721,31.3416583
119.2027721,31.34165834
119.2027722,31.34165838
119.2027722,31.34165842
119.2027722,31.34165846
119.2027723,31.34165849
119.2027723,31.34165853
119.2027724,31.34165857
119.2027724,31.34165861
119.2027724,31.34165864
119.2042336,31.34319419
119.2045591,31.34347685
119.2047145,31.34360924
119.2050876,31.34389021
119.2050884,31.34389083
119.2050893,31.34389145
119.2050901,31.34389208
119.2050909,31.3438927
119.2050917,31.34389333
119.2050926,31.34389395
119.2050934,31.34389458
119.2050942,31.34389521
119.205095,31.34389584
119.2050958,31.34389647
119.2076171,31.3458365
119.2078658,31.34602024
119.2117805,31.34817791
119.2119971,31.34829453
119.211998,31.34829503
119.2119989,31.34829552
119.2119999,31.34829602
119.2120008,31.34829652
119.2120017,31.34829702
119.2120026,31.34829752
119.2120035,31.34829803
119.2120045,31.34829853
119.2120054,31.34829903
119.2120063,31.34829954
119.2124483,31.34854354
119.2124505,31.34854474
119.2124526,31.34854595
119.2124548,31.34854716
119.212457,31.34854838
119.2124591,31.34854961
119.2124613,31.34855084
119.2124634,31.34855207
119.2124656,31.34855331
119.2124677,31.34855456
119.2124699,31.34855581
119.2126677,31.34867153
119.2133233,31.34902666
119.2135137,31.34912878
119.2139008,31.34930578
119.2143381,31.34945976
119.214462,31.34951304
119.2145777,31.34958252
119.2146829,31.34966694
119.2147758,31.34976475
119.2148547,31.34987417
119.2149182,31.34999322
119.214965,31.35011973
119.2149944,31.3502514
119.2150059,31.35038582
119.2149991,31.35052056
119.2149611,31.35084156
119.214961,31.35084239
119.2149609,31.35084321
119.2149608,31.35084404
119.2149607,31.35084487
119.2149606,31.3508457
119.2149605,31.35084652
119.2149604,31.35084735
119.2149603,31.35084818
119.2149602,31.35084901
119.2149601,31.35084983
119.2147621,31.35241083
119.2147549,31.35245835
119.2147454,31.35250547
119.2147337,31.35255209
119.2147197,31.35259808
119.2147036,31.35264335
119.2146853,31.35268779
119.2146649,31.35273131
119.2146424,31.35277379
119.2146179,31.35281514
119.2145915,31.35285527
119.2144291,31.3530891
119.2143057,31.35327471
119.2143028,31.35327908
119.2142998,31.35328343
119.2142969,31.35328777
119.2142939,31.3532921
119.2142909,31.3532964
119.2142878,31.3533007
119.2142848,31.35330497
119.2142817,31.35330923
119.2142786,31.35331348
119.2142755,31.3533177
119.2141399,31.35350002
119.2125349,31.35580709
119.2125304,31.35581345
119.2125259,31.35581977
119.2125214,31.35582607
119.2125167,31.35583232
119.2125121,31.35583854
119.2125074,31.35584472
119.2125026,31.35585087
119.2124978,31.35585698
119.212493,31.35586305
119.2124881,31.35586909
119.2122591,31.35614909
119.212251,31.35615881
119.2122428,31.35616843
119.2122346,31.35617794
119.2122261,31.35618735
119.2122176,31.35619666
119.212209,31.35620585
119.2122002,31.35621494
119.2121913,31.35622391
119.2121823,31.35623277
119.2121732,31.35624152
119.2118232,31.35657352
119.2118226,31.35657409
119.211822,31.35657466
119.2118214,31.35657522
119.2118208,31.35657579
119.2118202,31.35657636
119.2118196,31.35657693
119.211819,31.35657749
119.2118184,31.35657806
119.2118178,31.35657863
119.2118172,31.35657919
119.2114592,31.35691319
119.2114579,31.35691435
119.2114567,31.35691551
119.2114554,31.35691666
119.2114542,31.35691782
119.2114529,31.35691897
119.2114517,31.35692012
119.2114504,31.35692126
119.2114492,31.35692241
119.2114479,31.35692355
119.2114466,31.35692469
119.2110908,31.35724554
119.2105757,31.35773614
119.2105752,31.35773658
119.2105747,31.35773703
119.2105743,31.35773747
119.2105738,31.35773791
119.2105733,31.35773836
119.2105729,31.3577388
119.2105724,31.35773924
119.2105719,31.35773968
119.2105714,31.35774012
119.210571,31.35774057
119.21022,31.35807057
119.2102198,31.35807073
119.2102196,31.35807089
119.2102195,31.35807105
119.2102193,31.35807121
119.2102191,31.35807137
119.2102189,31.35807153
119.2102188,31.35807169
119.2102186,31.35807185
119.2102184,31.35807201
119.2102183,31.35807217
119.2098603,31.35840717
119.2098515,31.35841525
119.2098427,31.35842322
119.2098338,31.35843109
119.2098247,31.35843885
119.2098156,31.35844651
119.2098064,31.35845405
119.2097971,31.35846148
119.2097878,31.35846881
119.2097783,31.35847602
119.2097688,31.35848312
119.2095018,31.35867912
119.2094745,31.35869841
119.2094467,31.35871679
119.2094182,31.35873423
119.2093892,31.35875071
119.2093596,31.35876621
119.2093296,31.35878072
119.2092991,31.35879421
119.2092681,31.35880668
119.2092367,31.35881811
119.209205,31.35882849
119.2087047,31.35898298
119.2082127,31.35913653
119.2077504,31.35929128
119.2077471,31.35929239
119.2077438,31.35929349
119.2077404,31.35929457
119.2077371,31.35929565
119.2077337,31.35929671
119.2077304,31.35929776
119.207727,31.3592988
119.2077237,31.35929983
119.2077203,31.35930084
119.2077169,31.35930184
119.2064671,31.35967194
119.2062442,31.35974468
119.2062258,31.35975048
119.2062073,31.35975593
119.2061887,31.35976101
119.20617,31.35976574
119.2061513,31.35977011
119.2061324,31.35977412
119.2061135,31.35977776
119.2060945,31.35978104
119.2060754,31.35978395
119.2060563,31.35978649
119.2055533,31.35984849
119.2055365,31.35985042
119.2055196,31.35985207
119.2055026,31.35985343
119.2054857,31.3598545
119.2054687,31.35985529
119.2054518,31.35985578
119.2054348,31.35985599
119.2054178,31.35985591
119.2054008,31.35985554
119.2053839,31.35985489
119.2046005,31.35981792
119.2040754,31.35979396
119.2040747,31.35979393
119.2040739,31.35979389
119.2040731,31.35979385
119.2040723,31.35979382
119.2040716,31.35979378
119.2040708,31.35979374
119.20407,31.3597937
119.2040693,31.35979366
119.2040685,31.35979362
119.2040677,31.35979358
119.2035461,31.35976576
119.2031358,31.35974652
119.2022533,31.35991774
119.1999508,31.36054177
119.2001285,31.36042187
119.2001166,31.36047451
119.2001164,31.36047562
119.2001161,31.36047673
119.2001159,31.36047784
119.2001156,31.36047895
119.2001153,31.36048006
119.2001151,31.36048117
119.2001148,31.36048228
119.2001146,31.36048339
119.2001143,31.3604845
119.200114,31.3604856
119.199695,31.3622536
119.1996949,31.36225412
119.1996948,31.36225464
119.1996947,31.36225516
119.1996946,31.36225568
119.1996944,31.3622562
119.1996943,31.36225672
119.1996942,31.36225723
119.1996941,31.36225775
119.1996939,31.36225827
119.1996938,31.36225879
119.1995868,31.36269979
119.1995865,31.36270109
119.1995862,31.36270238
119.1995859,31.36270368
119.1995855,31.36270498
119.1995852,31.36270627
119.1995849,31.36270757
119.1995846,31.36270886
119.1995842,31.36271016
119.1995839,31.36271145
119.1995836,31.36271275
119.1994745,31.36313748
119.1993789,31.3635651
119.1993785,31.36356692
119.1993781,31.36356874
119.1993777,31.36357056
119.1993773,31.36357239
119.1993768,31.36357421
119.1993764,31.36357603
119.199376,31.36357784
119.1993756,31.36357966
119.1993751,31.36358148
119.1993747,31.3635833
119.1992677,31.3640233
119.1992675,31.36402388
119.1992674,31.36402447
119.1992673,31.36402505
119.1992671,31.36402564
119.199267,31.36402622
119.1992668,31.36402681
119.1992667,31.36402739
119.1992665,31.36402798
119.1992664,31.36402856
119.1992662,31.36402915
119.198825,31.36579691
119.1986648,31.36645764
119.1986576,31.3664858
119.1986495,31.36651373
119.1986406,31.36654141
119.1986309,31.36656882
119.1986205,31.36659594
119.1986092,31.36662275
119.1985972,31.36664921
119.1985843,31.36667532
119.1985708,31.36670104
119.1985565,31.36672635
119.1973235,31.36883735
119.1973235,31.36883739
119.1973235,31.36883742
119.1973234,31.36883745
119.1973234,31.36883748
119.1973234,31.36883751
119.1973234,31.36883754
119.1973234,31.36883758
119.1973233,31.36883761
119.1973233,31.36883764
119.1973233,31.36883767
119.1970883,31.36923967
119.1970875,31.369241
119.1970868,31.36924233
119.197086,31.36924366
119.1970852,31.36924499
119.1970844,31.36924631
119.1970836,31.36924764
119.1970828,31.36924896
119.197082,31.36925028
119.1970812,31.36925161
119.1970804,31.36925293
119.1968443,31.3696429
119.1959468,31.37123263
119.1959404,31.37124382
119.1959338,31.37125493
119.1959271,31.37126595
119.1959203,31.37127689
119.1959133,31.37128773
119.1959062,31.37129849
119.1958989,31.37130915
119.1958915,31.37131972
119.195884,31.37133019
119.1958763,31.37134057
119.1956553,31.37163557
119.1956454,31.37164856
119.1956353,31.3716614
119.195625,31.37167406
119.1956145,31.37168656
119.1956037,31.37169888
119.1955928,31.37171102
119.1955817,31.37172299
119.1955703,31.37173477
119.1955588,31.37174637
119.1955471,31.37175777
119.1943182,31.3729362
119.1942657,31.37299031
119.1942652,31.37299087
119.1942647,31.37299143
119.1942641,31.37299199
119.1942636,31.37299255
119.194263,31.37299311
119.1942625,31.37299366
119.1942619,31.37299422
119.1942614,31.37299478
119.1942608,31.37299533
119.1942603,31.37299589
119.1939903,31.37326989
119.1939899,31.37327025
119.1939896,31.3732706
119.1939892,31.37327096
119.1939889,31.37327132
119.1939885,31.37327167
119.1939882,31.37327203
119.1939878,31.37327238
119.1939875,31.37327274
119.1939871,31.3732731
119.1939868,31.37327345
119.193134,31.37413024
119.1914292,31.37584504
119.191428,31.37584617
119.1914269,31.37584729
119.1914258,31.37584842
119.1914247,31.37584955
119.1914235,31.37585067
119.1914224,31.37585179
119.1914213,31.37585291
119.1914201,31.37585403
119.191419,31.37585514
119.1914178,31.37585626
119.1910755,31.3761898
119.1906639,31.37660823
119.190663,31.37660919
119.190662,31.37661016
119.1906611,31.37661112
119.1906601,31.37661208
119.1906592,31.37661305
119.1906582,31.37661401
119.1906572,31.37661497
119.1906563,31.37661592
119.1906553,31.37661688
119.1906544,31.37661784
119.1861867,31.38103848
119.1858486,31.38137362
119.1856791,31.38154604
119.1856775,31.38154772
119.1856758,31.3815494
119.1856741,31.38155108
119.1856725,31.38155275
119.1856708,31.38155442
119.1856691,31.38155609
119.1856674,31.38155775
119.1856657,31.3815594
119.185664,31.38156106
119.1856623,31.38156271
119.1854943,31.38172571
119.185488,31.3817318
119.1854816,31.38173785
119.1854752,31.38174383
119.1854687,31.38174976
119.1854621,31.38175563
119.1854555,31.38176145
119.1854489,31.3817672
119.1854422,31.3817729
119.1854354,31.38177854
119.1854286,31.38178411
119.1851246,31.38203111
119.1851127,31.38204061
119.1851007,31.38204992
119.1850886,31.38205904
119.1850763,31.38206799
119.1850639,31.38207674
119.1850513,31.3820853
119.1850386,31.38209368
119.1850258,31.38210185
119.1850129,31.38210984
119.1849998,31.38211762
119.1832638,31.38313562
119.1832607,31.38313745
119.1832576,31.38313927
119.1832544,31.38314107
119.1832513,31.38314286
119.1832481,31.38314464
119.183245,31.38314641
119.1832418,31.38314817
119.1832386,31.38314992
119.1832355,31.38315165
119.1832323,31.38315338
119.1823413,31.38363338
119.1823339,31.38363729
119.1823266,31.38364114
119.1823192,31.38364493
119.1823117,31.38364866
119.1823043,31.38365233
119.1822968,31.38365593
119.1822893,31.38365947
119.1822817,31.38366295
119.1822741,31.38366637
119.1822665,31.38366972
119.1819315,31.38381572
119.1819114,31.38382423
119.1818911,31.38383231
119.1818706,31.38383993
119.18185,31.38384711
119.1818292,31.38385383
119.1818082,31.3838601
119.1817871,31.3838659
119.1817659,31.38387125
119.1817446,31.38387613
119.1817232,31.38388054
119.1812202,31.38397854
119.1812188,31.38397882
119.1812174,31.38397909
119.181216,31.38397936
119.1812146,31.38397963
119.1812132,31.38397989
119.1812118,31.38398016
119.1812103,31.38398042
119.1812089,31.38398068
119.1812075,31.38398094
119.1812061,31.38398119
119.1783831,31.38448919
119.1783828,31.38448925
119.1783825,31.3844893
119.1783822,31.38448935
119.1783819,31.38448941
119.1783816,31.38448946
119.1783813,31.38448951
119.178381,31.38448957
119.1783807,31.38448962
119.1783804,31.38448967
119.1783801,31.38448973
119.1778541,31.38458273
119.1778419,31.38458481
119.1778296,31.38458675
119.1778173,31.38458853
119.177805,31.38459016
119.1777927,31.38459163
119.1777803,31.38459296
119.1777679,31.38459413
119.1777556,31.38459514
119.1777432,31.384596
119.1777308,31.38459671
119.1772588,31.38462071
119.1772424,31.38462141
119.177226,31.38462184
119.1772096,31.384622
119.1771932,31.38462189
119.1771768,31.38462151
119.1771604,31.38462087
119.1771441,31.38461995
119.1771277,31.38461877
119.1771114,31.38461732
119.1770951,31.3846156
119.1731971,31.3841726
119.1731969,31.38417258
119.1731966,31.38417255
119.1731964,31.38417253
119.1731962,31.3841725
119.1731959,31.38417247
119.1731957,31.38417245
119.1731955,31.38417242
119.1731953,31.38417239
119.173195,31.38417237
119.1731948,31.38417234
119.1724188,31.38408234
119.1724184,31.3840823
119.1724181,31.38408226
119.1724177,31.38408221
119.1724173,31.38408217
119.172417,31.38408213
119.1724166,31.38408209
119.1724162,31.38408204
119.1724159,31.384082
119.1724155,31.38408196
119.1724152,31.38408191
119.1721589,31.38405124
119.1703504,31.38384453
119.1703504,31.38384453
119.1703504,31.38384453
119.1703504,31.38384453
119.1703504,31.38384452
119.1703504,31.38384452
119.1703504,31.38384452
119.1703503,31.38384452
119.1703503,31.38384452
119.1703503,31.38384452
119.1703503,31.38384451
119.1698173,31.38378351
119.1698161,31.38378338
119.169815,31.38378324
119.1698138,31.38378311
119.1698126,31.38378297
119.1698115,31.38378283
119.1698103,31.38378269
119.1698091,31.38378255
119.169808,31.3837824
119.1698068,31.38378226
119.1698056,31.38378211
119.169232,31.38370962
119.1694786,31.38361488
119.1695567,31.38347371
119.1694726,31.38365222
119.1694715,31.38365462
119.1694703,31.38365702
119.1694692,31.38365941
119.169468,31.38366181
119.1694669,31.38366419
119.1694657,31.38366658
119.1694645,31.38366896
119.1694634,31.38367135
119.1694622,31.38367372
119.169461,31.3836761
119.169149,31.3842951
119.1691489,31.38429521
119.1691489,31.38429533
119.1691488,31.38429544
119.1691487,31.38429556
119.1691487,31.38429567
119.1691486,31.38429579
119.1691486,31.3842959
119.1691485,31.38429602
119.1691485,31.38429613
119.1691484,31.38429625
119.1688354,31.38491525
119.1688353,31.38491541
119.1688352,31.38491557
119.1688352,31.38491573
119.1688351,31.38491589
119.168835,31.38491605
119.1688349,31.38491621
119.1688348,31.38491637
119.1688348,31.38491653
119.1688347,31.38491669
119.1688346,31.38491685
119.1676852,31.38717974
119.1675925,31.38737642
119.1675912,31.3873792
119.1675899,31.38738198
119.1675885,31.38738475
119.1675872,31.38738752
119.1675859,31.38739029
119.1675845,31.38739305
119.1675831,31.38739581
119.1675818,31.38739856
119.1675804,31.38740131
119.167579,31.38740405
119.1674984,31.38756215
119.1674099,31.38779759
119.1673737,31.38794867
119.1672308,31.38860096
119.1672308,31.38860137
119.1672307,31.38860179
119.1672306,31.3886022
119.1672305,31.38860262
119.1672304,31.38860303
119.1672303,31.38860344
119.1672302,31.38860386
119.1672301,31.38860427
119.16723,31.38860468
119.1672299,31.3886051
119.1671309,31.3890481
119.1671306,31.38904956
119.1671303,31.38905102
119.1671299,31.38905249
119.1671296,31.38905395
119.1671293,31.38905541
119.1671289,31.38905687
119.1671286,31.38905833
119.1671282,31.38905979
119.1671279,31.38906125
119.1671275,31.38906271
119.167023,31.38949975
119.1660723,31.39369881
119.1660707,31.39370597
119.166069,31.39371313
119.1660672,31.39372027
119.1660654,31.39372739
119.1660635,31.39373451
119.1660616,31.39374161
119.1660597,31.39374869
119.1660576,31.39375576
119.1660556,31.39376282
119.1660535,31.39376986
119.1659705,31.39404186
119.1659636,31.39406345
119.1659563,31.39408489
119.1659484,31.39410615
119.1659401,31.39412723
119.1659313,31.39414811
119.1659221,31.39416879
119.1659124,31.39418926
119.1659022,31.3942095
119.1658915,31.3942295
119.1658805,31.39424926
119.1654159,31.39505551
119.165066,31.39566428
119.1650647,31.39566655
119.1650634,31.39566881
119.1650621,31.39567106
119.1650608,31.39567332
119.1650594,31.39567557
119.1650581,31.39567781
119.1650568,31.39568005
119.1650554,31.39568229
119.1650541,31.39568453
119.1650527,31.39568676
119.1648725,31.39598223
119.1648542,31.39604053
119.164855,31.39606181
119.1648742,31.39625582
119.1648746,31.39626056
119.1648751,31.3962653
119.1648755,31.39627004
119.1648759,31.39627479
119.1648762,31.39627954
119.1648766,31.39628428
119.1648769,31.39628903
119.1648772,31.39629379
119.1648775,31.39629854
119.1648777,31.39630329
119.1649003,31.39674737
119.1649306,31.39718943
119.1649309,31.39719302
119.1649311,31.39719661
119.1649313,31.3972002
119.1649315,31.3972038
119.1649317,31.39720739
119.1649319,31.39721099
119.1649321,31.39721458
119.1649322,31.39721818
119.1649323,31.39722178
119.1649325,31.39722538
119.164954,31.39788564
119.1650752,31.39989892
119.1650752,31.3998993
119.1650752,31.39989968
119.1650753,31.39990006
119.1650753,31.39990044
119.1650753,31.39990082
119.1650753,31.39990119
119.1650753,31.39990157
119.1650754,31.39990195
119.1650754,31.39990233
119.1650754,31.39990271
119.1651133,31.40057491
119.1651672,31.40147311
119.1651672,31.40147322
119.1651672,31.40147333
119.1651672,31.40147344
119.1651672,31.40147355
119.1651672,31.40147366
119.1651672,31.40147377
119.1651673,31.40147388
119.1651673,31.40147399
119.1651673,31.4014741
119.1651673,31.40147421
119.1652203,31.40237421
119.1652205,31.40237738
119.1652206,31.40238054
119.1652208,31.40238371
119.1652209,31.40238688
119.1652211,31.40239005
119.1652212,31.40239321
119.1652213,31.40239638
119.1652214,31.40239955
119.1652215,31.40240272
119.1652216,31.40240589
119.1652296,31.40270089
119.1652297,31.40270431
119.1652298,31.40270773
119.1652299,31.40271115
119.1652299,31.40271457
119.1652299,31.40271799
119.16523,31.40272141
119.16523,31.40272483
119.16523,31.40272825
119.16523,31.40273167
119.16523,31.40273509
119.165222,31.40386409
119.165222,31.40386673
119.1652219,31.40386938
119.1652219,31.40387202
119.1652218,31.40387467
119.1652218,31.40387731
119.1652217,31.40387996
119.1652217,31.4038826
119.1652216,31.40388525
119.1652215,31.40388789
119.1652214,31.40389054
119.1652067,31.40432953
119.1651158,31.40950057
119.1651158,31.40950063
119.1651158,31.40950068
119.1651158,31.40950074
119.1651158,31.4095008
119.1651158,31.40950086
119.1651158,31.40950091
119.1651158,31.40950097
119.1651158,31.40950103
119.1651158,31.40950108
119.1651158,31.40950114
119.1650709,31.41198004
119.165064,31.41242171
119.165064,31.412864
119.165064,31.41286733
119.165064,31.41287066
119.165064,31.412874
119.1650639,31.41287733
119.1650639,31.41288066
119.1650638,31.41288399
119.1650637,31.41288732
119.1650636,31.41289065
119.1650636,31.41289398
119.1650634,31.41289731
119.1650487,31.41333996
119.164988,31.41661403
119.164988,31.416649
119.164988,31.41665016
119.164988,31.41665133
119.164988,31.41665249
119.164988,31.41665366
119.164988,31.41665482
119.164988,31.41665599
119.164988,31.41665715
119.164988,31.41665832
119.1649879,31.41665948
119.1649879,31.41666065
119.1649569,31.41932165
119.1649569,31.41932175
119.1649569,31.41932185
119.1649569,31.41932195
119.1649569,31.41932205
119.1649569,31.41932216
119.1649569,31.41932226
119.1649569,31.41932236
119.1649569,31.41932246
119.1649569,31.41932256
119.1649569,31.41932266
119.1649199,31.42224466
119.1649199,31.42224535
119.1649199,31.42224603
119.1649199,31.42224671
119.1649199,31.4222474
119.1649199,31.42224808
119.1649199,31.42224876
119.1649198,31.42224945
119.1649198,31.42225013
119.1649198,31.42225082
119.1649198,31.4222515
119.1648978,31.4233795
119.1648976,31.42338919
119.1648972,31.42339888
119.1648968,31.42340857
119.1648963,31.42341825
119.1648957,31.42342792
119.164895,31.42343759
119.1648942,31.42344726
119.1648933,31.42345691
119.1648923,31.42346655
119.1648912,31.42347619
119.1648602,31.42374119
119.1648602,31.42374134
119.1648602,31.4237415
119.1648602,31.42374166
119.1648602,31.42374181
119.1648601,31.42374197
119.1648601,31.42374212
119.1648601,31.42374228
119.1648601,31.42374243
119.1648601,31.42374259
119.16486,31.42374274
119.164807,31.42418974
119.1648068,31.42419156
119.1648066,31.42419338
119.1648064,31.42419519
119.1648062,31.42419701
119.1648059,31.42419882
119.1648057,31.42420064
119.1648055,31.42420245
119.1648052,31.42420427
119.164805,31.42420608
119.1648047,31.4242079
119.1647738,31.42443345
119.1647136,31.42487523
119.1646303,31.42554449
119.1646302,31.42554551
119.1646301,31.42554652
119.16463,31.42554753
119.1646298,31.42554855
119.1646297,31.42554956
119.1646296,31.42555057
119.1646294,31.42555158
119.1646293,31.4255526
119.1646292,31.42555361
119.164629,31.42555462
119.1645711,31.42598396
119.1645268,31.42641614
119.1645265,31.42641885
119.1645262,31.42642157
119.1645259,31.42642428
119.1645256,31.42642699
119.1645253,31.4264297
119.164525,31.42643241
119.1645246,31.42643511
119.1645243,31.42643782
119.164524,31.42644053
119.1645236,31.42644323
119.1643186,31.42801623
119.1643186,31.42801633
119.1643186,31.42801642
119.1643186,31.42801651
119.1643186,31.42801661
119.1643186,31.4280167
119.1643185,31.4280168
119.1643185,31.42801689
119.1643185,31.42801699
119.1643185,31.42801708
119.1643185,31.42801718
119.1641133,31.42958036
119.1640069,31.43047058
119.1640058,31.43047973
119.1640046,31.43048887
119.1640033,31.430498
119.1640019,31.43050712
119.1640004,31.43051623
119.1639989,31.43052532
119.1639972,31.4305344
119.1639955,31.43054346
119.1639937,31.4305525
119.1639918,31.43056153
119.1639018,31.43098153
119.1638995,31.43099189
119.1638971,31.43100222
119.1638946,31.43101252
119.163892,31.4310228
119.1638893,31.43103305
119.1638865,31.43104327
119.1638836,31.43105346
119.1638805,31.43106362
119.1638774,31.43107375
119.1638741,31.43108384
119.1634472,31.4323847
119.1632344,31.43303497
119.163234,31.4330362
119.1632336,31.43303743
119.1632332,31.43303865
119.1632328,31.43303988
119.1632324,31.43304111
119.163232,31.43304234
119.1632316,31.43304356
119.1632312,31.43304479
119.1632307,31.43304601
119.1632303,31.43304724
119.1630113,31.43368853
119.1622301,31.4360688
119.1622297,31.43607007
119.1622293,31.43607133
119.1622289,31.43607259
119.1622285,31.43607385
119.1622281,31.43607511
119.1622276,31.43607637
119.1622272,31.43607763
119.1622268,31.43607889
119.1622263,31.43608015
119.1622259,31.43608141
119.1617149,31.43757141
119.1617146,31.43757243
119.1617142,31.43757346
119.1617139,31.43757449
119.1617135,31.43757551
119.1617131,31.43757654
119.1617128,31.43757756
119.1617124,31.43757859
119.1617121,31.43757961
119.1617117,31.43758064
119.1617113,31.43758166
119.1616353,31.43779566
119.1616352,31.43779608
119.161635,31.43779651
119.1616349,31.43779693
119.1616347,31.43779735
119.1616346,31.43779777
119.1616344,31.43779819
119.1616343,31.43779861
119.1616341,31.43779903
119.161634,31.43779946
119.1616338,31.43779988
119.1615578,31.43801088
119.1615575,31.43801176
119.1615572,31.43801264
119.1615569,31.43801352
119.1615566,31.4380144
119.1615562,31.43801528
119.1615559,31.43801616
119.1615556,31.43801703
119.1615553,31.43801791
119.1615549,31.43801879
119.1615546,31.43801967
119.1612358,31.43887954
119.1606906,31.44038085
119.1604642,31.44102336
119.1604637,31.44102458
119.1604633,31.44102581
119.1604629,31.44102703
119.1604624,31.44102825
119.160462,31.44102947
119.1604615,31.44103068
119.1604611,31.4410319
119.1604607,31.44103312
119.1604602,31.44103434
119.1604598,31.44103555
119.1602316,31.4416572
119.1601736,31.44184068
119.1601159,31.44203719
119.1601077,31.44215351
119.1600933,31.44236797
119.1600707,31.44281004
119.1600624,31.4428969
119.1600467,31.4429827
119.1600234,31.44306681
119.159993,31.44314857
119.1599555,31.44322736
119.1599114,31.44330259
119.1598608,31.44337368
119.1598042,31.44344009
119.159742,31.44350132
119.1596748,31.4435569
119.1594008,31.4437639
119.1593426,31.44380468
119.1592817,31.44384123
119.1592183,31.44387337
119.1591529,31.44390092
119.1590856,31.44392375
119.1590169,31.44394176
119.158947,31.44395483
119.1588765,31.44396292
119.1588055,31.44396597
119.1587345,31.44396398
119.1584675,31.44394698
119.1584671,31.44394695
119.1584667,31.44394693
119.1584663,31.4439469
119.1584659,31.44394688
119.1584655,31.44394685
119.1584651,31.44394682
119.1584647,31.4439468
119.1584643,31.44394677
119.1584639,31.44394674
119.1584635,31.44394672
119.1579465,31.44391172
119.1579459,31.44391168
119.1579454,31.44391164
119.1579448,31.4439116
119.1579443,31.44391156
119.1579437,31.44391153
119.1579432,31.44391149
119.1579426,31.44391145
119.1579421,31.44391141
119.1579415,31.44391137
119.157941,31.44391133
119.154514,31.44366033
119.1544749,31.4436567
119.1544361,31.44365155
119.1543975,31.44364488
119.1543592,31.44363671
119.1543212,31.44362704
119.1542837,31.44361589
119.1542466,31.44360327
119.15421,31.44358922
119.154174,31.44357374
119.1541387,31.44355687
119.1538209,31.44339748
119.1524683,31.44272469
119.150123,31.44156234
119.1484405,31.44216157
119.1482741,31.44223519
119.1481809,31.44230741
119.1474,31.442916
119.1458562,31.44413326
119.1458559,31.44413344
119.1458557,31.44413362
119.1458555,31.4441338
119.1458552,31.44413399
119.145855,31.44413417
119.1458548,31.44413435
119.1458546,31.44413453
119.1458543,31.44413471
119.1458541,31.44413489
119.1458539,31.44413507
119.1452759,31.44458807
119.1452667,31.44459514
119.1452575,31.4446021
119.1452482,31.44460896
119.1452389,31.44461571
119.1452294,31.44462235
119.1452199,31.44462888
119.1452103,31.4446353
119.1452006,31.44464161
119.1451909,31.4446478
119.1451811,31.44465389
119.1449903,31.4447707
119.1446326,31.44501728
119.1446275,31.44502079
119.1446224,31.44502427
119.1446172,31.44502771
119.144612,31.44503112
119.1446068,31.4450345
119.1446016,31.44503785
119.1445963,31.44504116
119.1445911,31.44504444
119.1445858,31.44504769
119.1445805,31.44505091
119.1426455,31.44621491
119.142631,31.44622347
119.1426163,31.44623179
119.1426015,31.44623986
119.1425866,31.44624767
119.1425715,31.44625524
119.1425564,31.44626255
119.1425411,31.44626961
119.1425256,31.4462764
119.1425101,31.44628294
119.1424945,31.44628921
119.1420525,31.44646221
119.1420346,31.44646901
119.1420166,31.44647546
119.1419985,31.44648157
119.1419803,31.44648733
119.141962,31.44649274
119.1419435,31.4464978
119.141925,31.4465025
119.1419064,31.44650686
119.1418877,31.44651085
119.141869,31.44651449
119.1416243,31.4465595
119.1390697,31.44705846
119.1390692,31.44705855
119.1390687,31.44705865
119.1390682,31.44705875
119.1390676,31.44705885
119.1390671,31.44705895
119.1390666,31.44705905
119.1390661,31.44705915
119.1390656,31.44705924
119.1390651,31.44705934
119.1390646,31.44705944
119.1388072,31.44710832
119.1385429,31.4471588
119.137022,31.44745639
119.137022,31.4474564
119.137022,31.4474564
119.1370219,31.44745641
119.1370219,31.44745641
119.1370219,31.44745642
119.1370218,31.44745643
119.1370218,31.44745643
119.1370218,31.44745644
119.1370217,31.44745645
119.1370217,31.44745645
119.1360906,31.44763833
